5.981243400000000321e+00
1.547297479999999892e+00
1.101306789999999980e+00
1.551298600000000083e-01
2.616674232435253877e+00
8.715161347040850659e-01
1.992623851935669155e+00
2.451313158060548780e-01
2.309052277785986540e+00
7.595726383368424095e-01
2.538567707304963061e+00
4.391431979671356345e-01
2.196569450279016955e+00
7.151389964466081661e-01
2.718735216072910799e+00
6.520610582840328240e-01
2.138385261495036715e+00
6.951540913332346916e-01
2.776836383829333066e+00
8.015909028645092915e-01
2.107932401153489010e+00
6.858962195660093242e-01
2.799120008124889036e+00
8.780006612735909988e-01
2.093305785446494038e+00
6.816851784087956112e-01
2.808532841364920873e+00
9.111301498034142243e-01
2.086797762736725126e+00
6.798326624686403807e-01
2.812574857763738834e+00
9.245753437613388748e-01
2.084037959087154057e+00
6.790408437785036000e-01
2.814281326491631763e+00
9.299011373489637355e-01
2.082908228912936366e+00
6.787100405119573798e-01
2.814995813179696160e+00
9.320324737368246293e-01
2.082460110643247653e+00
6.785761101932997752e-01
2.815299484576268441e+00
9.328821543317009635e-01
