5.981243400000000321e+00
1.547297479999999892e+00
1.101306789999999980e+00
1.551298600000000083e-01
1.003931536948489134e+00
1.038914755852142768e+00
8.509643395503064811e-01
4.121805718004559749e-01
8.875108715791277803e-01
9.835019760949832435e-01
8.117811587233059178e-01
7.051015779125364702e-01
8.687676787762117492e-01
9.659871444746959135e-01
7.808903223410911254e-01
8.321311079130000454e-01
8.655314493890411409e-01
9.604744091319169508e-01
7.667432509586467049e-01
8.668642356709101993e-01
8.651547276247393281e-01
9.589929410972426460e-01
7.617209039771416501e-01
8.754350020831895840e-01
8.651783635378682558e-01
9.586288934462682265e-01
7.601289103561231775e-01
8.775871333463066692e-01
8.652160019518213563e-01
9.585448763246479098e-01
7.596526008993027546e-01
8.781411952051255687e-01
8.652287856126681387e-01
9.585204246851287690e-01
7.595130813992497787e-01
8.782504230923197097e-01
8.652553910205128540e-01
9.585425612723580402e-01
7.594958999265249977e-01
8.783607915450785120e-01
8.652104890363392364e-01
9.584829992867458515e-01
7.594338127708157860e-01
8.782688411212012936e-01
