5.982850082278916126e+00
1.527153908972292085e+00
1.107344067721441450e+00
2.215457589874093580e-01
6.793615412825054767e-01
6.649993790721986375e-01
6.473082529120394168e-01
2.435697291725104630e-01
4.325139821255170602e-01
5.062466951677068172e-01
5.743864789666404125e-01
4.208948694013414649e-01
4.147844316910092033e-01
4.938957934407410266e-01
5.569914327737821580e-01
5.422297415140352461e-01
3.241800255353259330e-01
4.793875120406401180e-01
5.433339394605526396e-01
5.660175368181411537e-01
3.416968069450107559e-01
4.257208207847075210e-01
5.507662884578476969e-01
6.522748108842973958e-01
3.829904476370286637e-01
3.784069942752869564e-01
4.625944084077061591e-01
6.011678448718520418e-01
3.117020098331948486e-01
4.476011886906994253e-01
5.146064823753214723e-01
5.589430455739397008e-01
2.926568850758092810e-01
4.447582381348839653e-01
5.099632581753023031e-01
6.496290401680639981e-01
2.927582662068158315e-01
4.115975074355630592e-01
5.076082176331004892e-01
6.397986438841870571e-01
3.044485477056160239e-01
4.212814723653732218e-01
4.798583854972252594e-01
6.392163929312223436e-01
