5.982850082278916126e+00
1.527153908972292085e+00
1.107344067721441450e+00
2.215457589874093580e-01
2.033326203336987881e+00
4.830511818539121593e-01
2.500186423156421700e+00
2.725591962831378501e-01
1.423369751718557952e+00
1.776154325932238487e-01
3.357022077593616149e+00
6.433335744744630436e-01
1.229914271706205708e+00
1.136136303581273821e-01
3.607714760629094020e+00
1.040359850969214017e+00
1.056994543380212592e+00
8.215758493721318778e-02
3.666251614345537035e+00
1.218393078025673315e+00
1.039257196158385854e+00
2.102304848892231834e-02
3.696796925041637039e+00
1.356718604543510676e+00
1.066765595624510565e+00
-3.066628116417829258e-02
3.618523999657350831e+00
1.321204818069072973e+00
9.905396817888119099e-01
3.566795828934177237e-02
3.676005616153187550e+00
1.284260202418665120e+00
9.699335453627637715e-01
3.093524140182139781e-02
3.674671448668658247e+00
1.377158483762801922e+00
9.696511690581081089e-01
-3.492270255038490336e-03
3.674312682355562298e+00
1.368355854525149740e+00
9.814110873659439571e-01
5.483820254761951479e-03
3.647820025713924164e+00
1.368659520081662917e+00
