-2.169790903574041963e+01 -4.904702461552414849e-01 -2.124988474633316304e+00 -9.564726557429156228e-01 -1.571157075603029307e+00 -3.838576936460618150e+00 -1.702908869142015780e+00 -3.858150407983847785e+00 -2.366025100111793567e+00 -4.387175989139633359e+00
-4.904702461552414849e-01 -1.999669215336154693e+01 -9.564726557429156228e-01 -1.571157075603029307e+00 -3.838576936460618150e+00 -1.702908869142015780e+00 -3.858150407983847785e+00 -2.366025100111793567e+00 -4.387175989139633359e+00 -3.515592106597971167e-01
-2.124988474633316304e+00 -9.564726557429156228e-01 -2.050272634096789659e+01 -3.838576936460618150e+00 -1.702908869142015780e+00 -3.858150407983847785e+00 -2.366025100111793567e+00 -4.387175989139633359e+00 -3.515592106597971167e-01 -4.543038530551335996e-01
-9.564726557429156228e-01 -1.571157075603029307e+00 -3.838576936460618150e+00 -1.872765163516333331e+01 -3.858150407983847785e+00 -2.366025100111793567e+00 -4.387175989139633359e+00 -3.515592106597971167e-01 -4.543038530551335996e-01 -2.831988592283777306e-01
-1.571157075603029307e+00 -3.838576936460618150e+00 -1.702908869142015780e+00 -3.858150407983847785e+00 -1.894960399001921658e+01 -4.387175989139633359e+00 -3.515592106597971167e-01 -4.543038530551335996e-01 -2.831988592283777306e-01 -1.755663389626401782e+00
-3.838576936460618150e+00 -1.702908869142015780e+00 -3.858150407983847785e+00 -2.366025100111793567e+00 -4.387175989139633359e+00 -2.056517810778676747e+01 -4.543038530551335996e-01 -2.831988592283777306e-01 -1.755663389626401782e+00 -7.840156854459015001e-01
-1.702908869142015780e+00 -3.858150407983847785e+00 -2.366025100111793567e+00 -4.387175989139633359e+00 -3.515592106597971167e-01 -4.543038530551335996e-01 -1.844070457721152323e+01 -1.755663389626401782e+00 -7.840156854459015001e-01 -2.493633053856300741e+00
-3.858150407983847785e+00 -2.366025100111793567e+00 -4.387175989139633359e+00 -3.515592106597971167e-01 -4.543038530551335996e-01 -2.831988592283777306e-01 -1.755663389626401782e+00 -1.869643165948580332e+01 -2.493633053856300741e+00 -1.373484474295298963e+00
-2.366025100111793567e+00 -4.387175989139633359e+00 -3.515592106597971167e-01 -4.543038530551335996e-01 -2.831988592283777306e-01 -1.755663389626401782e+00 -7.840156854459015001e-01 -2.493633053856300741e+00 -1.417361828405575963e+01 -1.135761419512122838e+00
-4.387175989139633359e+00 -3.515592106597971167e-01 -4.543038530551335996e-01 -2.831988592283777306e-01 -1.755663389626401782e+00 -7.840156854459015001e-01 -2.493633053856300741e+00 -1.373484474295298963e+00 -1.135761419512122838e+00 -1.407606813309678095e+01
