-8.455654238151071311e+00 2.124988474633316304e+00 -9.564726557429156228e-01 -1.571157075603029307e+00 3.838576936460618150e+00 1.702908869142015780e+00 -3.858150407983847785e+00 -2.366025100111793567e+00 -4.387175989139633359e+00 -3.515592106597971167e-01
-4.543038530551335996e-01 -2.019633370287751362e+01 -1.755663389626401782e+00 -7.840156854459015001e-01 -2.493633053856300741e+00 -1.373484474295298963e+00 1.135761419512122838e+00 -8.588146747540756465e+00 -1.833613585849188432e+00 -9.735835339563109203e-01
-3.737527554837739019e-01 -3.289400313088232775e+00 -6.261195691010605913e+00 3.371654259939094178e-01 -8.648395050277929430e-01 -1.268528843769905157e+00 -1.941559821647937945e-01 7.571949594410182227e-01 4.052112784053261585e+00 1.988691987163128394e-01
-1.633739946837256207e+00 -6.637545348939917211e+00 -5.374176702632684766e-01 -1.168301905160039666e+01 -1.242905345327741218e+00 -1.672515624776276466e+00 1.487714911628754688e+00 -2.202823568603786142e-01 -4.657836748690091788e-01 1.106575139582795186e+00
-7.281370660234405268e-01 -3.121560532629048090e+00 -7.246085818826223379e-01 -6.906541561587062894e-01 -2.162749864561746449e+01 -9.215930261651533728e-01 -3.752081581839326052e-01 -9.976138258499640532e-01 7.926085016303994202e-01 -2.035974949555962255e+00
-1.573273708763376355e+00 -7.170026264450877207e-01 -6.808197548691743428e-01 -5.884122874925779012e-01 -3.858606067823565411e+00 -2.782601500763367852e+01 -9.440913127812058381e-01 -1.758839625792627093e+00 -1.432659196713093053e+00 -5.993167071130129919e-01
-5.926423303048198310e-01 -6.179353641212829151e-01 -1.459984244029002010e-01 -4.688589858443650837e-01 -1.573781056517458588e+00 -2.515179438334408157e+00 -1.996019374953249681e+01 -6.866572900621491504e-01 -1.896260849614277433e+00 -7.796642842954254249e+00
-3.952111002562092579e-01 -4.608604316484453123e-01 -6.458773488535541896e-01 -1.729648674577046519e+00 -4.256478348036534243e-01 -1.593062034342094702e+00 -4.862659057962486209e-01 -8.253421834743550178e+00 7.298924560786878013e-01 6.505760473489319295e-01
-2.259165377470526259e+00 -3.056181570104850587e-01 -4.636492122395921012e-01 -2.073349614449750078e+00 -2.150953106430409267e+00 -1.230967017211070269e+00 -1.122400639701510022e-01 -2.058474258988575389e+00 -1.419725461359182717e+01 7.127544882631383638e-01
-1.429313717833021469e-01 -2.295396643066514919e+00 -5.750241132868530336e+00 -1.650597419719757708e+00 -3.782241879630312109e+00 -5.181361322397123326e-01 -1.203153408400416735e+00 -5.214945376225564866e-01 -3.261144546385608134e-01 -1.980472247042769851e+01
